0.100000
0.300000
0.500000
0.700000
0.900000
1.100000
1.300000
1.500000
1.700000
1.900000
2.100000
2.300000
2.500000
2.700000
2.900000
3.100000
3.300000
3.500000
3.700000
3.900000
4.100000
4.300000
4.500000
4.700000
4.900000
5.100000
5.300000
5.500000
5.700000
5.900000
6.100000
6.300000
6.500000
6.700000
6.900000
7.100000
7.300000
7.500000
7.700000
7.900000
8.100000
8.300000
8.500000
8.700000
8.900000
9.100000
9.300000
9.500000
9.700000
9.900000
10.100000
10.300000
10.500000
10.700000
10.900000
11.100000
11.300000
11.500000
11.700000
11.900000
12.100000
12.300000
12.500000
12.700000
12.900000
13.100000
13.300000
13.500000
13.700000
13.900000
14.100000
14.300000
14.500000
14.700000
14.900000
15.100000
15.300000
15.500000
15.700000
15.900000
16.100000
16.300000
16.500000
16.700000
16.900000
17.100000
17.300000
17.500000
17.700000
17.900000
18.100000
18.300000
18.500000
18.700000
18.900000
19.100000
19.300000
19.500000
19.700000
19.900000
20.100000
20.300000
20.500000
20.700000
20.900000
21.100000
21.300000
21.500000
21.700000
21.900000
22.100000
22.300000
22.500000
22.700000
22.900000
23.100000
23.300000
23.500000
23.700000
23.900000
24.100000
24.300000
24.500000
24.700000
24.900000
25.100000
25.300000
25.500000
25.700000
25.900000
26.100000
26.300000
26.500000
26.700000
26.900000
27.100000
27.300000
27.500000
27.700000
27.900000
28.100000
28.300000
28.500000
28.700000
28.900000
29.100000
29.300000
29.500000
29.700000
29.900000
30.100000
30.300000
30.500000
30.700000
30.900000
31.100000
31.300000
31.500000
31.700000
31.900000
32.100000
32.300000
32.500000
32.700000
32.900000
33.100000
33.300000
33.500000
33.700000
33.900000
34.100000
34.300000
34.500000
34.700000
34.900000
35.100000
35.300000
35.500000
0.000000
0.333333
0.666667
1.000000
1.333330
1.666670
2.000000
2.333330
2.666670
3.000000
3.333330
3.666670
4.000000
4.333330
4.666670
5.000000
5.333330
5.666670
6.000000
6.333330
6.666670
30.2181
69.5707
47.9537
33.326
23.7749
17.9189
13.4419
9.97897
7.52065
5.85557
4.57764
3.64895
3.0361
2.51693
2.07946
1.76698
1.51209
1.31658
1.14622
1.01829
0.909972
0.811413
0.733219
0.662528
0.606223
0.553198
0.510032
0.46886
0.433957
0.401267
0.373105
0.347519
0.32373
0.304216
0.285138
0.268171
0.253071
0.23766
0.224992
0.213233
0.201827
0.191545
0.181566
0.172771
0.164818
0.157039
0.149795
0.142432
0.136572
0.13043
0.124895
0.120118
0.114602
0.110267
0.106108
0.101867
0.0981386
0.0941006
0.0909253
0.0872808
0.0843886
0.0813313
0.0785307
0.0755211
0.0731282
0.0706826
0.068245
0.0659118
0.0638439
0.0618581
0.0598221
0.0580754
0.0560701
0.0544794
0.0527365
0.0511063
0.0497815
0.0481582
0.0468896
0.0456034
0.0440973
0.0429233
0.0416582
0.040651
0.0393533
0.0384414
0.0373487
0.0363183
0.0353491
0.0344633
0.0334892
0.0326805
0.0318742
0.0309464
0.030148
0.0294244
0.0286251
0.0279649
0.027347
0.0266284
0.0259129
0.0252954
0.0247293
0.0241405
0.0235089
0.0229465
0.022437
0.0218209
0.0213674
0.0208641
0.020324
0.0198919
0.0194282
0.0188591
0.0186316
0.0180137
0.0176767
0.0171316
0.0167307
0.0163647
0.015923
0.015426
0.0151271
0.014501
0.0140236
0.0129986
0.0136607
0.0139198
0.0138138
0.0138387
0.0138761
0.0137673
0.013672
0.0136637
0.0136225
0.0135253
0.0134729
0.0133874
0.0133123
0.0131758
0.0131344
0.0130225
0.0129343
0.0128617
0.0127757
0.0127011
0.012661
0.0125221
0.0124473
0.0123819
0.012291
0.0122165
0.0121334
0.0120591
0.0119904
0.0119102
0.0118195
0.0117523
0.0116774
0.011591
0.0115261
0.0114652
0.0113796
0.0113025
0.011253
0.0111758
0.0110971
0.011037
0.0109765
0.0108983
0.0108365
0.0107773
0.01071
0.0106489
0.0105864
0.0105353
0.0104664
0.0104205
27.5001
64.1337
45.8421
32.8482
24.0281
18.4488
14.0855
10.6857
8.26008
6.51356
5.19796
4.21327
3.5715
2.99145
2.52039
2.16717
1.87918
1.64711
1.45191
1.30063
1.16614
1.05573
0.95758
0.871698
0.802417
0.738973
0.684219
0.634548
0.585964
0.547778
0.510348
0.477813
0.447997
0.422192
0.397475
0.37511
0.355218
0.33395
0.317587
0.30211
0.286494
0.27245
0.25946
0.248126
0.236546
0.225665
0.216249
0.206678
0.198073
0.18989
0.182276
0.175284
0.167921
0.161779
0.156044
0.149941
0.144709
0.139351
0.134624
0.129577
0.125351
0.121275
0.117099
0.112877
0.109486
0.106003
0.102832
0.0991801
0.0963223
0.0934288
0.090485
0.0879862
0.0851672
0.0828054
0.0803078
0.0778357
0.0759721
0.0736405
0.071669
0.0698692
0.0676684
0.0658936
0.0640708
0.062706
0.0606499
0.0593455
0.0577619
0.0561953
0.0547761
0.0533012
0.0519655
0.050737
0.0495362
0.0481378
0.0469121
0.0458491
0.0446223
0.0436673
0.0427579
0.0416448
0.0405339
0.0395813
0.0387069
0.0378236
0.0368049
0.0359839
0.0351983
0.0342591
0.0335767
0.0328016
0.0319203
0.0312811
0.030528
0.0296075
0.0293065
0.0283117
0.0277888
0.0269294
0.0263107
0.0257075
0.0250102
0.0241995
0.023742
0.0226918
0.0219018
0.0202153
0.0213986
0.021846
0.0217165
0.0217726
0.0218502
0.0216862
0.0215791
0.021591
0.0215226
0.0213727
0.0213068
0.0211593
0.021074
0.0208464
0.0208027
0.0206264
0.0204999
0.0203939
0.0202614
0.0201372
0.0200854
0.019867
0.0197612
0.0196371
0.0195076
0.0193872
0.0192539
0.019136
0.0190264
0.0189125
0.0187727
0.0186582
0.018531
0.0183977
0.0182814
0.018178
0.0180562
0.0179135
0.0178229
0.0177056
0.0175774
0.0174745
0.0173615
0.0172438
0.0171342
0.0170389
0.0169172
0.0168138
0.0166951
0.0166031
0.0165044
0.0164459
24.6196
59.3596
43.746
32.2112
24.0253
18.8792
14.6336
11.3377
8.91652
7.1481
5.80801
4.78536
4.09079
3.48139
2.9645
2.57507
2.25446
1.99539
1.77123
1.59697
1.4415
1.31191
1.19447
1.09804
1.01408
0.936552
0.870303
0.810356
0.751393
0.703783
0.658149
0.617959
0.5812
0.548728
0.519129
0.491673
0.465562
0.44047
0.419324
0.398907
0.380116
0.362085
0.345645
0.330863
0.316186
0.302104
0.289929
0.277206
0.266551
0.256266
0.245804
0.236518
0.22754
0.219981
0.211959
0.203946
0.197542
0.190385
0.183897
0.177475
0.171809
0.16598
0.160788
0.15519
0.150871
0.145882
0.141917
0.136909
0.13315
0.129494
0.125227
0.12227
0.118183
0.115105
0.111751
0.108413
0.105966
0.102725
0.0998748
0.0976954
0.0947057
0.092398
0.0898374
0.087847
0.0851871
0.0833482
0.0812388
0.0789478
0.0770536
0.0750316
0.0732295
0.0715851
0.0699897
0.0679154
0.0663179
0.0647568
0.0630745
0.0619034
0.0604784
0.0590381
0.0575141
0.0561701
0.0549466
0.0537348
0.0522934
0.0511505
0.0500197
0.0487092
0.0476904
0.0466409
0.0454361
0.0444983
0.0434595
0.0421694
0.041725
0.0403358
0.0395575
0.0383152
0.0374826
0.0366283
0.0356081
0.0344454
0.0337957
0.0322782
0.0311298
0.028674
0.030446
0.0311436
0.030945
0.0310387
0.0311927
0.0309341
0.0308196
0.0308208
0.0307604
0.0305558
0.0304928
0.0302625
0.0301574
0.029845
0.0297942
0.0295183
0.0293786
0.0292248
0.0290068
0.0288479
0.028778
0.028462
0.0283112
0.0281399
0.0279639
0.0277878
0.0276065
0.0274448
0.02728
0.0271043
0.0269077
0.0267514
0.026564
0.0263776
0.0261996
0.0260598
0.0258578
0.0257033
0.0255465
0.0253492
0.025204
0.0250196
0.0248612
0.0247075
0.0245479
0.0243747
0.0242139
0.0240571
0.0238937
0.0237415
0.023582
0.0235072
22.1054
55.2336
41.9325
31.6146
24.0809
19.2587
15.1302
11.9383
9.56061
7.77247
6.41788
5.33954
4.61294
3.96912
3.42241
2.99537
2.64335
2.34692
2.10626
1.90651
1.72613
1.5849
1.44649
1.33706
1.23426
1.14592
1.0671
0.997314
0.931368
0.870807
0.817965
0.771375
0.726794
0.68599
0.65055
0.617787
0.586372
0.556591
0.529713
0.50461
0.48176
0.460002
0.44002
0.421118
0.404346
0.386101
0.371397
0.355353
0.34213
0.329433
0.316574
0.305339
0.293841
0.283979
0.274197
0.264513
0.255739
0.246883
0.23912
0.23065
0.22374
0.216176
0.210101
0.202726
0.197463
0.190664
0.185569
0.179562
0.17451
0.170163
0.164574
0.160526
0.155625
0.151708
0.147274
0.143181
0.139916
0.135649
0.132124
0.129124
0.125391
0.122392
0.118897
0.116504
0.11314
0.110785
0.107922
0.104947
0.10246
0.0998504
0.0973944
0.0953172
0.09329
0.0905979
0.0884842
0.0864701
0.0842774
0.0826627
0.080831
0.0789502
0.0769411
0.0751992
0.0735594
0.0719622
0.0700706
0.0685076
0.0670557
0.0652963
0.0640611
0.0626235
0.0610256
0.0597103
0.0583602
0.0566449
0.0560462
0.0542528
0.0532145
0.0515807
0.0503631
0.0492624
0.04784
0.0463116
0.045435
0.043374
0.041845
0.0384876
0.0409518
0.0419333
0.0416634
0.0418166
0.0420661
0.0416869
0.0415039
0.0415776
0.0414606
0.0412163
0.0410889
0.0408546
0.0407003
0.0402852
0.0402282
0.03988
0.039671
0.039453
0.0392036
0.0389613
0.0388745
0.0384883
0.038273
0.0380427
0.0377957
0.0375815
0.0372914
0.0370907
0.0368724
0.0366334
0.0363628
0.0361833
0.0359269
0.0356723
0.0354218
0.0352436
0.0349794
0.0347599
0.0345513
0.0343145
0.0340708
0.033827
0.0335998
0.0333878
0.0331693
0.0329507
0.0327544
0.0325112
0.0322939
0.0320654
0.031892
0.0317643
20.1418
51.4052
40.4229
30.9585
24.0082
19.5401
15.591
12.5701
10.1639
8.3824
7.00798
5.88925
5.15334
4.45469
3.8713
3.41443
3.04267
2.70694
2.45091
2.22703
2.02669
1.86623
1.71212
1.5839
1.47173
1.36808
1.27547
1.19679
1.12076
1.05058
0.988475
0.933442
0.882556
0.83453
0.791956
0.752185
0.715373
0.68189
0.649561
0.619826
0.592518
0.566246
0.54264
0.520922
0.49899
0.478192
0.460766
0.441544
0.425586
0.410148
0.395312
0.380912
0.366962
0.354524
0.343271
0.331231
0.321052
0.309583
0.300646
0.290209
0.281865
0.272965
0.264677
0.255787
0.249001
0.241323
0.234887
0.2271
0.221337
0.215556
0.208643
0.203456
0.197589
0.19267
0.187065
0.182302
0.177977
0.172791
0.168271
0.164776
0.159996
0.156029
0.15189
0.148716
0.1448
0.141812
0.137986
0.13458
0.131447
0.12796
0.124999
0.122357
0.119704
0.116472
0.113776
0.111206
0.108324
0.106333
0.103843
0.101468
0.0989365
0.0967156
0.0948532
0.0926226
0.090348
0.088459
0.0865018
0.0843211
0.0826938
0.0809288
0.0788786
0.0770749
0.0754143
0.0732128
0.0724612
0.0701999
0.0688491
0.0666653
0.0652076
0.0637236
0.0619612
0.0599745
0.0588397
0.0561625
0.0541599
0.0498194
0.0530411
0.0543359
0.0539957
0.0542344
0.0545406
0.0540622
0.0538668
0.0539249
0.0538656
0.0534888
0.0533646
0.0530473
0.0528534
0.052313
0.0522522
0.0518134
0.0515317
0.0512998
0.0509401
0.0506241
0.0505234
0.0500301
0.0497801
0.0494882
0.0491916
0.0488831
0.0484998
0.0482283
0.0479713
0.0476766
0.0472851
0.0470821
0.0467808
0.0464259
0.0461318
0.045885
0.0455363
0.045241
0.0449652
0.0446864
0.0443367
0.0440701
0.0437601
0.0434565
0.0431626
0.0428951
0.042622
0.0423275
0.0420681
0.0417786
0.0414905
0.0413157
18.526
47.7236
38.7976
30.3239
24.0323
19.7294
15.995
13.0844
10.7607
8.96719
7.57565
6.43769
5.6788
4.94776
4.32827
3.85274
3.43603
3.08289
2.80933
2.55926
2.33378
2.16141
1.98447
1.84529
1.7195
1.60397
1.4989
1.40672
1.32075
1.2416
1.16792
1.10864
1.04682
0.994291
0.945515
0.897387
0.855692
0.816414
0.77941
0.746901
0.713141
0.683641
0.654155
0.628796
0.604544
0.578741
0.558172
0.536134
0.515876
0.498594
0.480808
0.463915
0.447703
0.432508
0.419041
0.404684
0.392917
0.378916
0.367625
0.355695
0.345981
0.335044
0.325765
0.314646
0.306953
0.297235
0.289727
0.280069
0.273664
0.265975
0.257905
0.251266
0.244933
0.238519
0.231604
0.225855
0.220658
0.214366
0.208949
0.204321
0.198671
0.193974
0.188942
0.184891
0.180086
0.176544
0.171865
0.167884
0.163921
0.159752
0.155953
0.152598
0.149656
0.145288
0.142075
0.139172
0.135474
0.133109
0.13008
0.126984
0.123874
0.121237
0.118984
0.116109
0.113277
0.111038
0.10868
0.1059
0.103909
0.101637
0.0990278
0.0969405
0.0947681
0.0920745
0.0910726
0.0882641
0.0866818
0.083929
0.0820672
0.0802745
0.0780552
0.0755139
0.0740683
0.0707617
0.0682809
0.0627777
0.0668698
0.0685028
0.0680818
0.0684048
0.0688079
0.0682136
0.067984
0.0680884
0.0679781
0.0675215
0.0673884
0.0669828
0.0667878
0.0661377
0.0660288
0.0654235
0.0651561
0.0648474
0.0643765
0.0640446
0.063902
0.0632793
0.062937
0.0626297
0.0622093
0.0618915
0.0614127
0.0610501
0.060717
0.0603112
0.0598539
0.0595946
0.0592002
0.0587889
0.058416
0.0580859
0.0576619
0.0572513
0.0569504
0.0565452
0.056177
0.0558248
0.0554868
0.0550987
0.0547306
0.0543684
0.0539789
0.0536266
0.0532884
0.0529643
0.0525797
0.0523999
17.0652
44.8044
37.127
29.7606
23.9137
19.8994
16.4451
13.5634
11.3169
9.55208
8.1292
6.99561
6.20383
5.45162
4.7891
4.30089
3.8507
3.46746
3.16407
2.91
2.66123
2.4716
2.27481
2.126
1.97919
1.85106
1.73611
1.62752
1.53824
1.44539
1.3619
1.29687
1.22311
1.16557
1.10973
1.05479
1.00853
0.961228
0.919504
0.8822
0.842176
0.809516
0.775575
0.746378
0.718866
0.688821
0.664377
0.638805
0.616444
0.595531
0.574751
0.55488
0.535927
0.518389
0.502452
0.48534
0.471258
0.455553
0.442266
0.42812
0.416127
0.403198
0.392467
0.3801
0.370316
0.358546
0.350215
0.339414
0.331082
0.322346
0.312638
0.30469
0.296868
0.289496
0.281659
0.274552
0.26793
0.260579
0.253931
0.248898
0.241961
0.236193
0.23042
0.225655
0.21959
0.215184
0.209761
0.205042
0.200003
0.195239
0.190712
0.186572
0.182918
0.177945
0.173949
0.170596
0.166049
0.163066
0.159586
0.155798
0.152071
0.148965
0.146093
0.142629
0.13924
0.136465
0.133546
0.130117
0.1278
0.125005
0.12178
0.119381
0.116607
0.113361
0.112246
0.108652
0.106725
0.103444
0.101192
0.0989779
0.0962778
0.0932248
0.0914286
0.0873675
0.084287
0.0775262
0.0825966
0.0846512
0.0841119
0.08452
0.0850075
0.0842646
0.0840872
0.0842167
0.0840094
0.0835302
0.0833181
0.0827696
0.0825761
0.0818511
0.0817231
0.0810404
0.0806715
0.0802464
0.0796698
0.0793495
0.0791296
0.0783383
0.0778958
0.0776263
0.0770837
0.0766806
0.0760999
0.0756605
0.0753049
0.0747321
0.0741984
0.073948
0.0733908
0.0729227
0.072407
0.0720496
0.0715641
0.0710698
0.0706242
0.0701733
0.0697317
0.069249
0.0688071
0.0683839
0.0679574
0.0675086
0.0670117
0.0665975
0.0661441
0.0657347
0.0652991
0.0651077
15.8669
42.0518
35.5827
29.1826
23.7327
20.0791
16.8719
14.047
11.857
10.0932
8.69746
7.53512
6.71463
5.93806
5.25829
4.74841
4.27387
3.87251
3.53932
3.26108
2.9963
2.78933
2.58194
2.40708
2.2509
2.10937
1.98587
1.86736
1.76511
1.6643
1.56979
1.49084
1.41254
1.34712
1.2863
1.2236
1.17114
1.11655
1.06965
1.02974
0.98421
0.943706
0.908198
0.870976
0.841614
0.807458
0.779672
0.751901
0.724169
0.701666
0.675705
0.653971
0.631705
0.612949
0.593253
0.573717
0.557738
0.539428
0.524793
0.507107
0.493161
0.478844
0.465932
0.45176
0.440066
0.42653
0.416155
0.404725
0.394081
0.384123
0.372738
0.363991
0.354609
0.346078
0.337022
0.328007
0.320479
0.311767
0.304088
0.298521
0.289974
0.283175
0.276815
0.270801
0.263422
0.258463
0.251969
0.246363
0.24051
0.234406
0.229669
0.224667
0.220048
0.214424
0.209653
0.205433
0.200144
0.196515
0.1925
0.188154
0.183763
0.179786
0.17639
0.172364
0.168192
0.164987
0.161366
0.157323
0.154373
0.151332
0.147312
0.144524
0.141346
0.137352
0.136105
0.131741
0.129378
0.12538
0.122726
0.119949
0.116857
0.113078
0.111037
0.106112
0.102399
0.0942356
0.100407
0.102898
0.102245
0.102824
0.103311
0.10251
0.102252
0.102386
0.102283
0.101605
0.101415
0.100754
0.100493
0.0996487
0.0994193
0.0986829
0.0981981
0.0977002
0.0970739
0.0966585
0.0963933
0.0954651
0.0948996
0.0945986
0.0938962
0.0934564
0.0928044
0.0922127
0.0917606
0.0911881
0.0905316
0.0901262
0.0894632
0.0889528
0.0883801
0.0879139
0.08731
0.0867098
0.0863115
0.0856855
0.085084
0.0845423
0.0841081
0.0835039
0.0829919
0.0824315
0.0819053
0.0813489
0.0808901
0.0803272
0.0798112
0.0796232
14.9112
39.8198
34.0634
28.5846
23.662
20.1908
17.2121
14.5154
12.3564
10.6152
9.21774
8.07373
7.22978
6.42826
5.73549
5.2074
4.70867
4.28314
3.92234
3.62651
3.34875
3.11707
2.89173
2.70097
2.53644
2.38278
2.24351
2.1171
2.00302
1.88901
1.79045
1.7039
1.61381
1.5414
1.47553
1.40382
1.34488
1.28553
1.23011
1.18377
1.13548
1.08965
1.04838
1.0076
0.973449
0.935971
0.904518
0.873483
0.841962
0.81649
0.78744
0.762312
0.735157
0.713846
0.692655
0.670324
0.652286
0.631254
0.612725
0.594873
0.578388
0.560909
0.546322
0.529547
0.516846
0.501522
0.489454
0.476611
0.463447
0.450926
0.438834
0.428788
0.418419
0.407505
0.397815
0.387174
0.378559
0.36871
0.359415
0.352588
0.342924
0.334928
0.327503
0.320733
0.312346
0.306448
0.298907
0.292499
0.285563
0.27847
0.272399
0.267122
0.261675
0.254978
0.249283
0.244612
0.238224
0.233949
0.229155
0.224008
0.218999
0.214245
0.209961
0.205532
0.200467
0.19659
0.192518
0.187792
0.184388
0.180587
0.176198
0.172545
0.168975
0.164056
0.162697
0.157579
0.154727
0.15003
0.146891
0.14364
0.1399
0.135415
0.133005
0.127197
0.122761
0.113068
0.120391
0.12344
0.122599
0.123252
0.12393
0.123061
0.122697
0.122949
0.122718
0.121993
0.121769
0.121024
0.120626
0.11961
0.1194
0.118627
0.118017
0.117375
0.116615
0.116129
0.11587
0.114832
0.114063
0.113689
0.112954
0.11236
0.111537
0.110913
0.110337
0.109706
0.108896
0.10843
0.107645
0.107049
0.106364
0.10588
0.10509
0.104376
0.103858
0.103182
0.102511
0.101901
0.101249
0.100596
0.100036
0.099404
0.0987417
0.0981404
0.0974945
0.0968865
0.0962785
0.0960234
13.8871
37.7171
33.0629
27.9482
23.4922
20.3672
17.5145
14.9269
12.8333
11.1134
9.75847
8.5929
7.73868
6.92329
6.22479
5.66209
5.14705
4.6944
4.32456
4.00625
3.7091
3.46058
3.22304
3.01113
2.8467
2.67093
2.5184
2.37548
2.25457
2.13509
2.02337
1.92777
1.82735
1.75063
1.67292
1.59633
1.53128
1.46399
1.40611
1.35043
1.29821
1.24571
1.20093
1.1552
1.11739
1.07589
1.03995
1.00499
0.966533
0.93793
0.907246
0.877397
0.850523
0.824312
0.800661
0.77644
0.753296
0.730525
0.709902
0.689994
0.670792
0.650226
0.632843
0.61588
0.600342
0.583856
0.569021
0.554144
0.540096
0.525783
0.511466
0.499084
0.488173
0.47533
0.464053
0.452438
0.442521
0.431093
0.420096
0.413001
0.401896
0.392697
0.38366
0.375823
0.36619
0.358583
0.350649
0.342922
0.335092
0.326862
0.319912
0.313157
0.307485
0.299559
0.293451
0.287589
0.280419
0.275219
0.269748
0.263581
0.257706
0.252066
0.247587
0.242122
0.2366
0.231941
0.227233
0.221514
0.217686
0.213369
0.208096
0.203837
0.199645
0.193997
0.19222
0.186357
0.18314
0.177435
0.17384
0.170208
0.165694
0.160519
0.15761
0.150824
0.145553
0.134239
0.14288
0.146371
0.145439
0.146295
0.147128
0.146111
0.145571
0.145822
0.145612
0.144724
0.144504
0.143711
0.143266
0.142006
0.141882
0.140831
0.140129
0.139409
0.138615
0.138048
0.137677
0.136395
0.135617
0.13511
0.134249
0.133572
0.132662
0.131958
0.131303
0.130503
0.129558
0.129013
0.128207
0.127351
0.126678
0.125993
0.12517
0.124261
0.123698
0.122867
0.122159
0.121361
0.120692
0.119941
0.119235
0.118474
0.117745
0.117141
0.116236
0.115563
0.114773
0.114418
12.9147
35.8389
32.105
27.4145
23.4085
20.4686
17.7701
15.2922
13.2735
11.6194
10.2701
9.10711
8.24836
7.42412
6.71803
6.11845
5.59294
5.1225
4.72475
4.38555
4.09092
3.81252
3.55399
3.3377
3.14767
2.97275
2.80034
2.6502
2.52189
2.3875
2.26984
2.1634
2.05207
1.97051
1.88059
1.80276
1.73092
1.65408
1.58886
1.53136
1.46787
1.41403
1.36286
1.31242
1.27061
1.22317
1.18378
1.14576
1.10172
1.07366
1.03637
1.00344
0.973263
0.943996
0.915373
0.890503
0.864224
0.83699
0.813902
0.792144
0.771995
0.74885
0.728128
0.708065
0.690721
0.67264
0.655605
0.639188
0.622864
0.607574
0.591033
0.576457
0.563856
0.549764
0.536481
0.523756
0.512659
0.499102
0.487323
0.479537
0.466154
0.455291
0.444533
0.435679
0.425166
0.416692
0.407705
0.398844
0.389375
0.380072
0.372037
0.364864
0.357992
0.348808
0.341777
0.335136
0.326369
0.320546
0.314439
0.307552
0.300578
0.294555
0.289192
0.282996
0.276498
0.271226
0.265402
0.25914
0.254449
0.249468
0.243387
0.238576
0.233887
0.227153
0.225203
0.218332
0.214581
0.208066
0.203845
0.199653
0.19445
0.188371
0.184964
0.177019
0.170968
0.157683
0.167857
0.172002
0.170993
0.171924
0.172915
0.171663
0.171053
0.171405
0.171203
0.170152
0.169907
0.168922
0.168517
0.167011
0.166834
0.165666
0.164699
0.164106
0.163186
0.162378
0.162093
0.160715
0.159627
0.159069
0.158114
0.157352
0.156305
0.155388
0.1548
0.153713
0.152712
0.15209
0.151132
0.150112
0.149306
0.148591
0.147583
0.146598
0.145946
0.144941
0.144112
0.143148
0.142391
0.14155
0.140748
0.139927
0.139044
0.138276
0.13727
0.136478
0.135551
0.135002
12.1814
33.9641
30.9616
26.8533
23.2455
20.5121
17.9677
15.6058
13.692
12.0848
10.7776
9.61755
8.74997
7.91884
7.19746
6.58382
6.03793
5.55281
5.13161
4.78519
4.46657
4.17951
3.90751
3.67516
3.4685
3.27967
3.0978
2.93523
2.79465
2.65436
2.52474
2.41033
2.29165
2.20092
2.10316
2.0173
1.93888
1.8562
1.78587
1.71983
1.65252
1.59138
1.53726
1.48316
1.43427
1.38167
1.33927
1.29423
1.24851
1.21609
1.17566
1.1405
1.10464
1.07222
1.04077
1.01118
0.98461
0.953669
0.928513
0.902727
0.879522
0.854018
0.832323
0.80838
0.790672
0.768609
0.75083
0.730772
0.712937
0.695553
0.677543
0.662224
0.645379
0.630813
0.615549
0.600753
0.588974
0.573564
0.55976
0.550811
0.535958
0.52379
0.511496
0.501944
0.490093
0.479665
0.469417
0.459795
0.449223
0.438523
0.429174
0.421249
0.413121
0.403083
0.3946
0.386902
0.377304
0.370981
0.363711
0.355922
0.347673
0.340695
0.335049
0.327389
0.320274
0.314181
0.307754
0.30042
0.29513
0.289301
0.282387
0.277033
0.271696
0.263673
0.261337
0.253654
0.249341
0.242015
0.236811
0.23224
0.226231
0.219273
0.215275
0.206139
0.199188
0.183928
0.195648
0.200415
0.199238
0.200342
0.201523
0.200078
0.199308
0.199806
0.199549
0.198502
0.198219
0.197096
0.196609
0.194718
0.194655
0.193326
0.192288
0.191474
0.190303
0.189593
0.189117
0.187582
0.186508
0.185768
0.184717
0.183841
0.182581
0.181609
0.180835
0.179613
0.178599
0.177928
0.17672
0.175606
0.174635
0.173715
0.172551
0.171468
0.170723
0.16961
0.168747
0.16763
0.16672
0.165695
0.164712
0.163811
0.162836
0.16188
0.16086
0.159909
0.158858
0.158166
11.7016
32.4317
30.1438
26.383
23.1202
20.5977
18.1363
15.9112
14.0946
12.5097
11.269
10.1102
9.2602
8.4204
7.67416
7.04997
6.5049
5.99201
5.56705
5.18938
4.85961
4.56204
4.25891
4.02655
3.80458
3.60492
3.41285
3.23835
3.08383
2.9319
2.80008
2.66782
2.5449
2.44624
2.33977
2.24553
2.15964
2.07529
1.99417
1.92165
1.85102
1.78372
1.72168
1.66155
1.61156
1.55191
1.50597
1.45616
1.40586
1.36841
1.32441
1.28797
1.24475
1.21238
1.17448
1.14419
1.11311
1.07974
1.05011
1.02258
0.99589
0.968793
0.943985
0.918116
0.898114
0.873423
0.852698
0.829107
0.810032
0.792001
0.769887
0.752995
0.73593
0.719052
0.701735
0.685465
0.671605
0.654667
0.639567
0.628545
0.612313
0.598705
0.585497
0.573755
0.560243
0.549244
0.537114
0.526219
0.514551
0.502433
0.49174
0.482682
0.473741
0.46219
0.452633
0.443657
0.433385
0.425583
0.417602
0.408554
0.399363
0.391475
0.384424
0.376966
0.368396
0.361157
0.353983
0.345896
0.339769
0.333136
0.325369
0.319012
0.312849
0.304308
0.301132
0.292454
0.287492
0.27948
0.273527
0.268035
0.261356
0.253434
0.248937
0.238287
0.230364
0.212864
0.226286
0.231824
0.230521
0.231787
0.233013
0.231559
0.230783
0.231206
0.230852
0.229778
0.22947
0.228219
0.227659
0.225658
0.225382
0.223902
0.222696
0.221913
0.22053
0.219649
0.219131
0.217534
0.21619
0.215314
0.21408
0.212901
0.21177
0.210581
0.209876
0.208395
0.20717
0.2063
0.205047
0.203787
0.2027
0.201713
0.200194
0.199191
0.198204
0.197038
0.196027
0.194685
0.19367
0.192565
0.191438
0.190438
0.189207
0.188156
0.187158
0.185924
0.184807
0.18401
11.2128
31.0684
29.0955
25.9873
22.9473
20.5465
18.3241
16.2169
14.5071
12.9602
11.7266
10.5865
9.72942
8.90037
8.11687
7.52203
6.95288
6.43457
6.01183
5.60192
5.26153
4.94563
4.64398
4.37397
4.15105
3.94338
3.7449
3.54956
3.39345
3.22706
3.07836
2.94543
2.8105
2.70187
2.58929
2.48473
2.39226
2.30012
2.21679
2.1368
2.05915
1.98796
1.91833
1.85322
1.79619
1.73551
1.68397
1.62878
1.57504
1.53052
1.48121
1.44121
1.39645
1.3587
1.31995
1.28464
1.25132
1.21413
1.18241
1.15179
1.12244
1.0931
1.06413
1.03715
1.01355
0.984974
0.964003
0.937314
0.915293
0.894297
0.872485
0.852554
0.832935
0.814462
0.794783
0.776418
0.761345
0.741725
0.726937
0.712769
0.694647
0.679707
0.665569
0.651616
0.636246
0.624283
0.611479
0.598641
0.585837
0.572259
0.559807
0.549534
0.539806
0.526738
0.515798
0.506081
0.494857
0.485114
0.477306
0.466682
0.456221
0.446951
0.439353
0.430442
0.420964
0.412709
0.404669
0.395409
0.388606
0.381538
0.372138
0.365331
0.358382
0.348534
0.345042
0.335104
0.329532
0.320472
0.313694
0.307621
0.299785
0.290815
0.285874
0.27362
0.264698
0.244868
0.260178
0.266404
0.264974
0.266369
0.267846
0.266231
0.265285
0.265719
0.265454
0.264167
0.264
0.262364
0.261854
0.259649
0.259369
0.257572
0.256326
0.255314
0.253937
0.252851
0.252428
0.250292
0.248974
0.248167
0.246681
0.24509
0.244103
0.242613
0.241632
0.240252
0.238731
0.237635
0.236466
0.234954
0.233632
0.232497
0.230971
0.229765
0.228688
0.227269
0.226151
0.224712
0.223533
0.222328
0.221082
0.219754
0.218566
0.217355
0.216159
0.214851
0.213575
0.212876
10.566
30.1079
28.1477
25.5245
22.7723
20.5745
18.4691
16.5588
14.903
13.3899
12.1596
11.075
10.2317
9.37178
8.60364
7.99002
7.40418
6.88307
6.45259
6.01583
5.66754
5.34843
5.03142
4.74638
4.51988
4.28169
4.08486
3.87803
3.70183
3.53495
3.37328
3.2289
3.08695
2.97871
2.85171
2.73705
2.64151
2.53708
2.44711
2.36482
2.2798
2.20274
2.12594
2.05556
1.99541
1.93254
1.87366
1.81077
1.75367
1.70341
1.65053
1.60723
1.55815
1.51738
1.47519
1.43297
1.39937
1.35825
1.32335
1.28823
1.25699
1.2248
1.19363
1.16254
1.13689
1.10535
1.08194
1.05324
1.02917
1.0067
0.980826
0.960551
0.937649
0.917734
0.896212
0.875263
0.858788
0.836111
0.82012
0.804043
0.784197
0.768627
0.751057
0.736832
0.718921
0.706924
0.6915
0.676692
0.662765
0.647385
0.634317
0.622147
0.610911
0.597008
0.585037
0.573602
0.56077
0.550307
0.541818
0.530413
0.517962
0.507541
0.49916
0.489057
0.478392
0.469145
0.460072
0.449831
0.442097
0.433982
0.423967
0.415799
0.408279
0.396858
0.392972
0.382093
0.375485
0.365284
0.357855
0.350886
0.342107
0.332145
0.326341
0.31258
0.302377
0.280024
0.297281
0.304408
0.302857
0.304502
0.306308
0.304058
0.303228
0.303637
0.303402
0.30201
0.301729
0.300024
0.299527
0.297112
0.296615
0.294779
0.293396
0.292302
0.290533
0.289363
0.289003
0.286355
0.285091
0.284116
0.282412
0.281003
0.279502
0.277846
0.276959
0.275114
0.273629
0.272212
0.270849
0.269351
0.267914
0.26669
0.265074
0.263279
0.262115
0.260824
0.259185
0.257787
0.256402
0.255217
0.253589
0.252338
0.250696
0.24956
0.248233
0.246669
0.245244
0.244554
10.2264
29.0186
27.3004
25.0454
22.6277
20.5656
18.647
16.8429
15.2327
13.8032
12.5902
11.5571
10.7008
9.85933
9.07024
8.4416
7.87569
7.32916
6.89405
6.4358
6.08489
5.76632
5.41869
5.12953
4.88861
4.63731
4.4249
4.20149
4.02909
3.8501
3.68257
3.53036
3.38006
3.25781
3.128
3.00308
2.90341
2.78716
2.68545
2.60045
2.50964
2.42997
2.34596
2.27128
2.20436
2.13966
2.07049
2.00131
1.94564
1.89073
1.83055
1.78397
1.72677
1.68587
1.63821
1.59087
1.55547
1.51228
1.47176
1.43505
1.40211
1.365
1.3323
1.29784
1.2693
1.23615
1.20967
1.17791
1.15196
1.12641
1.09817
1.07493
1.05139
1.02884
1.00431
0.981631
0.96281
0.937915
0.91952
0.902306
0.881117
0.863148
0.842885
0.828969
0.809007
0.794745
0.779158
0.760593
0.745472
0.7289
0.714935
0.701692
0.688869
0.673176
0.658883
0.646555
0.632514
0.621684
0.611114
0.598477
0.584326
0.573433
0.563452
0.552912
0.540615
0.530988
0.520457
0.508914
0.500276
0.491021
0.479871
0.471099
0.462306
0.449596
0.445301
0.432841
0.425803
0.414064
0.405745
0.397906
0.388294
0.376946
0.370568
0.355281
0.343804
0.318454
0.337886
0.346047
0.344055
0.346208
0.348253
0.345702
0.344905
0.345444
0.345055
0.34334
0.343193
0.341458
0.340525
0.337891
0.337312
0.335213
0.333757
0.332565
0.330808
0.329476
0.32893
0.325944
0.324772
0.323567
0.321543
0.32002
0.318404
0.316548
0.315366
0.313479
0.311843
0.310267
0.308717
0.307186
0.305402
0.304153
0.302097
0.30041
0.29922
0.297474
0.295756
0.294314
0.292653
0.291335
0.289468
0.288087
0.286277
0.284799
0.283332
0.281493
0.280425
0.279478
9.95889
27.8909
26.7483
24.5397
22.3996
20.5805
18.7644
17.0178
15.5255
14.1759
13.057
12.0147
11.1312
10.2921
9.53791
8.88697
8.34167
7.78163
7.33391
6.86757
6.51616
6.1775
5.81944
5.52127
5.26258
5.00575
4.77293
4.55522
4.36449
4.18042
4.00023
3.84018
3.67246
3.54846
3.41459
3.27754
3.17418
3.05279
2.94291
2.85356
2.75438
2.6698
2.5783
2.49923
2.42772
2.35127
2.28045
2.20553
2.1449
2.08619
2.02057
1.968
1.91054
1.86551
1.81498
1.76386
1.72133
1.67548
1.63167
1.59042
1.55573
1.51405
1.47934
1.44177
1.411
1.37376
1.34441
1.30834
1.28341
1.2544
1.22409
1.1956
1.17086
1.1474
1.12026
1.09567
1.07468
1.04876
1.02706
1.00832
0.984785
0.964697
0.942832
0.926349
0.905153
0.88946
0.870942
0.852065
0.835723
0.816545
0.802109
0.787245
0.772179
0.754624
0.740044
0.726261
0.710777
0.698049
0.686323
0.671505
0.656025
0.644967
0.633107
0.622037
0.607213
0.597525
0.58568
0.572909
0.563347
0.552829
0.540605
0.530523
0.520894
0.506939
0.502728
0.488222
0.480306
0.467341
0.458382
0.44928
0.438665
0.425912
0.418801
0.401486
0.389035
0.360639
0.382205
0.391404
0.389329
0.391767
0.393935
0.391157
0.389997
0.391056
0.390563
0.388703
0.388411
0.38635
0.38527
0.382546
0.382153
0.379629
0.377869
0.376425
0.374696
0.373359
0.372424
0.369151
0.367935
0.366764
0.36427
0.362648
0.360838
0.358888
0.35766
0.355437
0.353739
0.352059
0.349933
0.348475
0.346298
0.344979
0.342877
0.341114
0.33955
0.337624
0.335711
0.333912
0.332187
0.330708
0.328825
0.327058
0.325251
0.323594
0.321816
0.319923
0.318545
0.3174
9.63078
27.0762
25.9171
24.1758
22.167
20.4766
18.8462
17.2532
15.8467
14.5505
13.417
12.4275
11.5879
10.7619
9.97445
9.35251
8.78704
8.23748
7.77186
7.31648
6.93101
6.58929
6.23563
5.9133
5.65462
5.3839
5.14166
4.91937
4.70533
4.51594
4.32967
4.16504
3.99422
3.84809
3.70928
3.57648
3.45454
3.32445
3.21382
3.11712
3.01263
2.91563
2.82124
2.74158
2.65968
2.57836
2.50095
2.42689
2.35178
2.29192
2.22357
2.16457
2.10413
2.0556
2.00204
1.94834
1.89903
1.84629
1.80105
1.75666
1.71875
1.67403
1.63565
1.59278
1.5617
1.52294
1.48936
1.44846
1.42112
1.3918
1.3588
1.3287
1.29794
1.27318
1.24449
1.21772
1.19413
1.16696
1.14142
1.12205
1.09583
1.0729
1.05085
1.03051
1.00796
0.99183
0.971535
0.949712
0.931245
0.910324
0.894583
0.87877
0.862821
0.841904
0.826943
0.811412
0.793932
0.779978
0.767423
0.751019
0.734474
0.722013
0.70925
0.696431
0.680347
0.669477
0.656516
0.642279
0.631908
0.620151
0.606949
0.594847
0.584281
0.569237
0.564566
0.548524
0.539305
0.525345
0.515046
0.504951
0.49322
0.478929
0.471193
0.452301
0.438059
0.406395
0.430683
0.440818
0.438436
0.440922
0.443416
0.440547
0.439459
0.440354
0.439886
0.437744
0.43738
0.435322
0.434414
0.431048
0.430487
0.427638
0.426242
0.424384
0.422313
0.420724
0.420009
0.416484
0.414972
0.413627
0.410839
0.409254
0.406994
0.404851
0.403656
0.401195
0.3994
0.39716
0.395085
0.393089
0.391128
0.38956
0.387303
0.384942
0.383478
0.381177
0.379252
0.377363
0.375519
0.373752
0.371767
0.369703
0.36792
0.365867
0.363864
0.36182
0.360224
0.359392
9.3927
26.2
25.3313
23.7899
22.0201
20.3708
18.936
17.4369
16.1229
14.833
13.8079
12.8066
12.0265
11.1952
10.4347
9.78819
9.22363
8.70115
8.21741
7.74293
7.34595
6.98878
6.63839
6.31998
6.04996
5.76387
5.52216
5.28407
5.06203
4.87288
4.66786
4.49224
4.31829
4.16481
4.02469
3.87425
3.7466
3.61156
3.49061
3.386
3.27527
3.17637
3.08193
2.98922
2.90384
2.81875
2.73538
2.65743
2.57415
2.50852
2.43775
2.37782
2.30866
2.25267
2.19987
2.13902
2.08705
2.02872
1.98134
1.93157
1.88991
1.84268
1.80143
1.75664
1.72299
1.67817
1.64492
1.59972
1.56749
1.53633
1.49859
1.46944
1.43602
1.4071
1.3765
1.34787
1.32268
1.2917
1.26518
1.24304
1.21507
1.18933
1.16572
1.14243
1.11981
1.10095
1.07713
1.05634
1.03402
1.01307
0.994735
0.976351
0.958903
0.936807
0.91938
0.90319
0.883214
0.868151
0.853434
0.836796
0.8187
0.805418
0.790306
0.7763
0.758892
0.746573
0.73237
0.716495
0.705024
0.692919
0.677435
0.665011
0.653061
0.636213
0.63112
0.613254
0.603567
0.588041
0.576326
0.565142
0.552013
0.536864
0.527651
0.50711
0.491047
0.45619
0.483437
0.494348
0.491918
0.494674
0.497155
0.494213
0.492916
0.494146
0.493478
0.490942
0.490498
0.488206
0.487334
0.483588
0.483231
0.479983
0.478238
0.476291
0.47385
0.472113
0.471419
0.467519
0.465785
0.464379
0.461352
0.459685
0.457129
0.454681
0.453548
0.450926
0.448762
0.446509
0.444109
0.44188
0.439595
0.437876
0.435355
0.432879
0.43112
0.428815
0.426945
0.424377
0.422568
0.420346
0.418369
0.416021
0.414048
0.411798
0.409702
0.407504
0.405753
0.403963
9.17256
25.6622
24.7478
23.3814
21.9175
20.3468
19.0064
17.58
16.3367
15.1783
14.1551
13.159
12.4268
11.6236
10.8714
10.2568
9.67746
9.12181
8.65489
8.20102
7.77786
7.40158
7.05232
6.72288
6.43571
6.15787
5.89738
5.65625
5.43191
5.21662
5.02006
4.83337
4.64885
4.49244
4.33211
4.18622
4.04879
3.90629
3.78201
3.67272
3.55598
3.44166
3.3445
3.24481
3.16191
3.06356
2.97711
2.89084
2.80985
2.73833
2.66241
2.59371
2.52133
2.45831
2.4025
2.33558
2.28328
2.224
2.17403
2.11641
2.07216
2.01946
1.97733
1.92732
1.8928
1.84465
1.80713
1.7601
1.72395
1.69133
1.64972
1.61504
1.58236
1.54812
1.51657
1.48552
1.4581
1.4268
1.39575
1.37247
1.34083
1.31427
1.28804
1.26449
1.23618
1.21669
1.19079
1.16853
1.14427
1.12078
1.10118
1.0814
1.06139
1.03881
1.0191
1.00027
0.979954
0.962607
0.948003
0.927731
0.908691
0.893636
0.877708
0.861864
0.843545
0.829638
0.814337
0.796727
0.784015
0.770271
0.753385
0.739507
0.725992
0.708924
0.702869
0.683059
0.672766
0.654674
0.642385
0.630558
0.615301
0.598306
0.589063
0.565784
0.548553
0.510136
0.539995
0.552053
0.549748
0.552411
0.555498
0.552343
0.550416
0.552128
0.551389
0.548439
0.54747
0.545575
0.544102
0.54052
0.540093
0.536417
0.534083
0.532798
0.529901
0.527689
0.527218
0.52318
0.520767
0.519362
0.516408
0.513943
0.511081
0.508337
0.507263
0.504484
0.502076
0.499905
0.497311
0.494552
0.492345
0.490051
0.487608
0.484963
0.482783
0.480247
0.477996
0.475384
0.473686
0.471228
0.468792
0.466074
0.464136
0.461462
0.459329
0.456849
0.455022
0.45274
8.8057
25.0326
24.2886
23.0433
21.681
20.2792
19.0761
17.6908
16.54
15.4192
14.4961
13.4983
12.8161
12.0667
11.2893
10.6924
10.1234
9.57294
9.07637
8.62608
8.20476
7.82338
7.4614
7.13359
6.84777
6.54642
6.2831
6.05661
5.80505
5.58015
5.36736
5.18725
4.99132
4.82165
4.6514
4.50686
4.35606
4.21322
4.08016
3.97082
3.84015
3.72286
3.61734
3.51698
3.42064
3.31821
3.22995
3.14019
3.05399
2.97504
2.89246
2.8172
2.74508
2.67955
2.6224
2.54339
2.49477
2.42524
2.37455
2.31227
2.26429
2.20821
2.16272
2.10688
2.07132
2.01925
1.97477
1.92984
1.89063
1.85449
1.80946
1.77141
1.73496
1.70026
1.66249
1.63311
1.6021
1.56489
1.53431
1.50859
1.4764
1.44462
1.41472
1.39374
1.36205
1.33907
1.31361
1.28673
1.26348
1.23515
1.21451
1.19308
1.17192
1.14684
1.1254
1.10625
1.08327
1.06395
1.04724
1.02586
1.00417
0.988767
0.97092
0.952494
0.934235
0.918098
0.901361
0.882068
0.869232
0.853611
0.835554
0.819853
0.805192
0.786459
0.778933
0.758143
0.747153
0.726793
0.713115
0.699725
0.683596
0.665368
0.654889
0.629337
0.610182
0.568194
0.600873
0.614394
0.61186
0.614674
0.617643
0.614292
0.612435
0.614202
0.6137
0.610588
0.609646
0.60742
0.605669
0.601132
0.600717
0.597495
0.594855
0.593289
0.590456
0.587521
0.587055
0.58315
0.580183
0.578524
0.574974
0.572987
0.569666
0.56694
0.564853
0.562404
0.559341
0.55734
0.554463
0.550999
0.549317
0.546391
0.543722
0.540841
0.538439
0.535728
0.533357
0.530625
0.528718
0.525743
0.523173
0.520626
0.518178
0.515293
0.513026
0.510246
0.508303
0.506072
6.97762
12.3468
7.85243
6.59984
5.77633
5.0016
4.33014
3.73265
3.17169
2.78483
2.37796
2.08719
1.84397
1.63479
1.42697
1.26958
1.12483
1.01617
0.907391
0.825496
0.752958
0.682117
0.626595
0.573102
0.530456
0.488603
0.454568
0.421202
0.392573
0.365596
0.341823
0.320015
0.299573
0.282744
0.266075
0.251133
0.237767
0.223977
0.212679
0.202058
0.191732
0.182418
0.173241
0.165162
0.157871
0.150692
0.143974
0.137098
0.131683
0.125907
0.120723
0.116257
0.111026
0.106954
0.103021
0.0990046
0.0954726
0.0916153
0.088612
0.0851173
0.0823648
0.0794394
0.0767574
0.0738608
0.0715708
0.0692174
0.0668643
0.0646147
0.0626245
0.0607069
0.058737
0.0570502
0.0551025
0.0535642
0.0518697
0.0502864
0.0490055
0.047423
0.0461918
0.0449418
0.0434684
0.0423275
0.041091
0.0401106
0.0388398
0.0379529
0.036884
0.0358747
0.034927
0.0340603
0.0331047
0.0323137
0.0315238
0.0306122
0.0298292
0.0291194
0.0283337
0.0276858
0.0270796
0.0263727
0.0256682
0.0250607
0.0245047
0.0239249
0.0233028
0.0227487
0.0222468
0.0216389
0.0211926
0.0206962
0.0201631
0.0197376
0.0192797
0.0187168
0.0184943
0.0178822
0.0175503
0.0170105
0.0166142
0.0162526
0.0158155
0.015323
0.015028
0.0144065
0.0139334
0.0129139
0.0135756
0.0138359
0.0137323
0.0137592
0.0137985
0.0136919
0.0135988
0.0135922
0.0135531
0.0134578
0.0134072
0.0133236
0.0132503
0.0131156
0.0130758
0.0129656
0.0128789
0.0128078
0.0127233
0.0126502
0.0126114
0.012474
0.0124005
0.0123364
0.0122467
0.0121734
0.0120915
0.0120184
0.0119507
0.0118717
0.011782
0.0117158
0.0116419
0.0115565
0.0114925
0.0114325
0.0113478
0.0112715
0.0112229
0.0111464
0.0110686
0.0110092
0.0109494
0.010872
0.0108109
0.0107523
0.0106857
0.0106253
0.0105634
0.010513
0.0104447
0.0103991
5.03566
9.58708
6.55973
5.75641
5.16699
4.55987
4.03407
3.57476
3.12402
2.79646
2.4424
2.19591
1.98433
1.78448
1.59609
1.44521
1.30524
1.18965
1.08104
0.994552
0.912404
0.842699
0.779506
0.720137
0.672035
0.625981
0.585944
0.549585
0.511613
0.482764
0.452726
0.426873
0.402698
0.381517
0.361257
0.342416
0.325821
0.307415
0.293558
0.280161
0.266573
0.254287
0.242881
0.232895
0.222559
0.21284
0.204446
0.195791
0.188039
0.180568
0.173659
0.167291
0.16049
0.154867
0.149582
0.143923
0.139092
0.134105
0.129724
0.124975
0.121039
0.11724
0.113296
0.109311
0.106131
0.102848
0.0998469
0.0963716
0.0936738
0.0909258
0.0881249
0.0857525
0.0830515
0.0808029
0.0784087
0.0760394
0.0742663
0.0720236
0.0701318
0.068408
0.0662812
0.0645757
0.0628156
0.061508
0.0595115
0.0582599
0.0567295
0.0552105
0.0538368
0.0524061
0.0511121
0.0499204
0.0487565
0.0473939
0.0462016
0.0451689
0.0439742
0.043047
0.0421631
0.0410764
0.0399894
0.0390603
0.0382081
0.0373453
0.0363479
0.035545
0.0347778
0.0338566
0.0331907
0.0324317
0.0315652
0.0309411
0.0302014
0.0292953
0.0290055
0.028024
0.0275124
0.0266655
0.0260576
0.0254642
0.0247774
0.0239773
0.0235284
0.022489
0.0217088
0.0200356
0.0212175
0.0216678
0.0215436
0.0216041
0.021686
0.0215271
0.0214246
0.0214407
0.0213765
0.0212312
0.0211693
0.0210259
0.0209447
0.0207212
0.0206808
0.0205085
0.0203855
0.0202828
0.0201537
0.0200329
0.019984
0.0197688
0.019666
0.0195445
0.0194179
0.0193003
0.0191696
0.0190543
0.0189471
0.0188356
0.0186982
0.0185859
0.0184609
0.0183298
0.0182155
0.0181141
0.0179943
0.0178534
0.0177647
0.0176492
0.0175228
0.0174215
0.0173102
0.017194
0.0170861
0.0169922
0.0168719
0.01677
0.0166527
0.016562
0.0164646
0.0164069
3.72926
7.42087
5.4125
5.07297
4.59643
4.20096
3.75116
3.46696
3.05444
2.8161
2.51524
2.31039
2.10877
1.94374
1.75999
1.61163
1.47547
1.36587
1.2532
1.16336
1.0779
1.00246
0.933315
0.874243
0.820276
0.76683
0.721837
0.680733
0.637166
0.603109
0.568522
0.538196
0.510119
0.484596
0.461637
0.43954
0.418348
0.397717
0.380496
0.363284
0.347683
0.332449
0.318416
0.305797
0.293065
0.280811
0.270303
0.25904
0.249741
0.24065
0.231317
0.223031
0.214989
0.208275
0.20101
0.193705
0.187976
0.181428
0.175489
0.16958
0.164399
0.159014
0.15422
0.149027
0.145058
0.140402
0.136739
0.132029
0.128539
0.125127
0.121096
0.11836
0.114473
0.111583
0.108417
0.105249
0.102959
0.0998734
0.0971614
0.0951114
0.0922498
0.0900613
0.0876098
0.0857211
0.0831645
0.0814166
0.0793999
0.0771937
0.0753793
0.0734336
0.0717015
0.0701269
0.0685938
0.0665862
0.0650443
0.0635388
0.0619114
0.0607901
0.0594106
0.0580167
0.0565367
0.0552343
0.0540495
0.0528746
0.0514716
0.0503617
0.0492638
0.0479856
0.0469963
0.0459751
0.0447981
0.0438867
0.0428724
0.0416071
0.0411838
0.0398191
0.039061
0.0378414
0.0370278
0.0361919
0.0351907
0.0340472
0.0334128
0.0319151
0.0307847
0.028353
0.0301226
0.0308253
0.0306365
0.0307383
0.0308999
0.0306509
0.0305446
0.0305534
0.0305006
0.0303041
0.0302483
0.0300258
0.0299276
0.029623
0.0295786
0.0293096
0.0291762
0.0290288
0.0288165
0.0286636
0.0285991
0.0282889
0.0281435
0.0279774
0.0278066
0.0276354
0.0274589
0.0273017
0.0271414
0.02697
0.0267778
0.0266255
0.0264421
0.0262597
0.0260854
0.0259492
0.0257509
0.0255998
0.0254463
0.0252522
0.0251101
0.0249289
0.0247734
0.0246226
0.0244659
0.0242953
0.0241372
0.0239829
0.0238221
0.0236723
0.0235151
0.0234416
2.89053
5.75612
4.68764
4.3689
4.0947
3.84131
3.50614
3.31963
2.97994
2.82355
2.57218
2.39381
2.22466
2.07754
1.9188
1.7747
1.64489
1.52963
1.42364
1.3311
1.23929
1.16637
1.08995
1.02827
0.965064
0.910239
0.858817
0.814439
0.768894
0.726912
0.689475
0.656504
0.623806
0.592954
0.566612
0.541354
0.51702
0.493574
0.472205
0.451814
0.433483
0.415779
0.399204
0.383485
0.369591
0.353955
0.341646
0.327844
0.3166
0.305649
0.29441
0.284681
0.274579
0.266003
0.257326
0.248725
0.240957
0.233001
0.226071
0.218392
0.21221
0.205304
0.199863
0.193071
0.188362
0.182067
0.177422
0.171874
0.167247
0.163279
0.158049
0.154341
0.14975
0.146119
0.141971
0.138152
0.135124
0.131102
0.127801
0.124995
0.121465
0.118654
0.115328
0.113097
0.109895
0.107684
0.104965
0.102122
0.0997668
0.0972754
0.0949286
0.0929636
0.0910354
0.0884489
0.0864252
0.0845002
0.0823935
0.0808565
0.0791006
0.0772935
0.0753533
0.0736778
0.0721015
0.0705639
0.0687315
0.0672239
0.0658253
0.064117
0.0629291
0.0615372
0.059984
0.0587119
0.0574021
0.0557282
0.0551625
0.0534095
0.0524036
0.0508063
0.04962
0.048549
0.0471574
0.0456605
0.0448092
0.0427802
0.0412807
0.0379627
0.0404237
0.0414135
0.0411594
0.0413255
0.041588
0.0412243
0.0410546
0.041141
0.0410368
0.0408056
0.0406901
0.0404684
0.040326
0.0399232
0.0398768
0.0395399
0.0393411
0.0391334
0.038894
0.0386614
0.0385834
0.0382069
0.0380006
0.0377785
0.03754
0.0373342
0.0370517
0.0368587
0.0366478
0.0364158
0.0361524
0.0359797
0.0357298
0.0354817
0.0352372
0.035065
0.0348068
0.034593
0.0343897
0.0341583
0.0339198
0.0336811
0.0334588
0.0332516
0.0330379
0.0328237
0.0326317
0.0323928
0.0321798
0.0319552
0.0317857
0.0316603
2.2588
4.55172
3.68991
3.82528
3.66767
3.5579
3.30943
3.18611
2.96094
2.80965
2.64223
2.46283
2.34639
2.19865
2.0609
1.91796
1.80641
1.68385
1.58802
1.49249
1.4
1.32561
1.24564
1.17856
1.11631
1.05523
0.997417
0.950964
0.902482
0.85552
0.813569
0.776293
0.741453
0.706619
0.675893
0.646412
0.618998
0.593813
0.569183
0.545837
0.524607
0.503934
0.484983
0.467603
0.449628
0.4324
0.418304
0.402196
0.38893
0.375944
0.363389
0.351101
0.339079
0.328492
0.31877
0.3083
0.299489
0.289297
0.281552
0.272307
0.264954
0.257004
0.249612
0.241597
0.235574
0.22862
0.222864
0.215722
0.21055
0.205321
0.198961
0.194249
0.188837
0.184335
0.179147
0.174784
0.170808
0.165978
0.161789
0.158582
0.154101
0.150403
0.146523
0.14359
0.139907
0.137141
0.133518
0.130308
0.127371
0.124063
0.121264
0.118786
0.116281
0.11321
0.110648
0.108212
0.105457
0.103581
0.101209
0.0989409
0.0965136
0.0943924
0.092624
0.090485
0.0882992
0.086494
0.084617
0.0825134
0.0809592
0.079261
0.0772798
0.0755419
0.0739432
0.0718045
0.0711033
0.0689017
0.0676013
0.0654734
0.0640624
0.0626236
0.0609091
0.0589709
0.0578743
0.0552466
0.0532885
0.0490084
0.0522258
0.0535337
0.0532183
0.053477
0.0538026
0.0533479
0.0531734
0.0532505
0.0532118
0.0528553
0.0527489
0.0524517
0.0522756
0.0517542
0.0517094
0.0512885
0.0510227
0.0508061
0.0504623
0.0501608
0.050074
0.0495962
0.0493595
0.0490809
0.0487974
0.0485011
0.0481299
0.0478703
0.0476248
0.0473413
0.0469608
0.0467682
0.046477
0.046132
0.0458476
0.04561
0.0452705
0.0449841
0.0447167
0.0444464
0.0441047
0.043846
0.0435437
0.0432476
0.0429611
0.0427004
0.0424339
0.0421463
0.0418933
0.04161
0.041328
0.0411567
1.7266
3.55816
3.00099
3.37056
3.28946
3.24967
3.13608
3.05193
2.93757
2.81505
2.68451
2.54793
2.45146
2.30561
2.18709
2.06696
1.94755
1.83825
1.74803
1.65016
1.55259
1.48386
1.39586
1.32964
1.26519
1.20136
1.14097
1.08799
1.03656
0.986714
0.937931
0.901563
0.8596
0.824765
0.790565
0.756032
0.726663
0.698201
0.670978
0.646924
0.621102
0.598908
0.575724
0.556128
0.537077
0.516085
0.499839
0.482026
0.465316
0.451363
0.436626
0.422586
0.408984
0.396265
0.384963
0.372706
0.362776
0.350495
0.340803
0.330524
0.322192
0.312601
0.304559
0.294602
0.287967
0.279207
0.272669
0.263904
0.258343
0.251396
0.244095
0.238126
0.232421
0.226593
0.220284
0.215083
0.210387
0.204587
0.19964
0.195405
0.190186
0.185873
0.181208
0.177478
0.173008
0.169784
0.165408
0.161694
0.158009
0.154097
0.15053
0.147411
0.144684
0.140539
0.137513
0.134805
0.131294
0.129093
0.126222
0.123288
0.12033
0.117834
0.115718
0.112976
0.110276
0.10816
0.105911
0.103245
0.101358
0.0991848
0.096677
0.0946824
0.092602
0.0899983
0.0890698
0.0863476
0.0848409
0.0821669
0.0803751
0.0786493
0.076499
0.0740277
0.0726394
0.0694058
0.06699
0.0615756
0.0656603
0.0673137
0.0669299
0.0672824
0.0677137
0.067155
0.0669563
0.0670895
0.0670081
0.0665824
0.0664758
0.0660989
0.0659302
0.0653089
0.0652232
0.0646447
0.0644006
0.0641151
0.0636676
0.0633568
0.0632353
0.0626345
0.0623128
0.062025
0.0616232
0.0613238
0.0608632
0.0605183
0.0602018
0.0598132
0.0593723
0.0591283
0.0587491
0.0583525
0.0579939
0.0576774
0.057267
0.0568701
0.0565814
0.0561887
0.0558325
0.0554923
0.0551658
0.0547884
0.0544317
0.0540795
0.0537001
0.0533579
0.0530292
0.0527145
0.0523389
0.0521644
1.32097
2.70112
2.62946
2.92095
2.87465
2.91299
2.98534
2.97394
2.90312
2.83211
2.71478
2.62209
2.53154
2.42196
2.30227
2.20598
2.08707
1.98119
1.88876
1.81008
1.70866
1.63864
1.54967
1.48606
1.41151
1.34637
1.28574
1.22404
1.17707
1.12122
1.06898
1.03214
0.982208
0.945847
0.909189
0.871157
0.840169
0.806576
0.777466
0.751124
0.720937
0.697534
0.671685
0.649823
0.629155
0.605183
0.586473
0.566374
0.54867
0.532181
0.515322
0.499168
0.483798
0.469424
0.456222
0.441946
0.430302
0.416931
0.405809
0.393781
0.383677
0.372477
0.363457
0.352618
0.344257
0.333803
0.326764
0.317162
0.309948
0.302183
0.293543
0.286496
0.279525
0.273
0.26594
0.259597
0.253654
0.246971
0.24096
0.236485
0.230093
0.224885
0.219603
0.215284
0.209684
0.205703
0.200705
0.196366
0.191699
0.187287
0.183094
0.17926
0.175908
0.171242
0.16751
0.164425
0.160135
0.157388
0.154127
0.150567
0.147049
0.144136
0.141464
0.13818
0.134973
0.132367
0.129607
0.126338
0.124163
0.121509
0.118427
0.116162
0.11351
0.110396
0.109383
0.105911
0.104093
0.100919
0.0987693
0.0966503
0.094046
0.0910921
0.0893777
0.0854195
0.082431
0.0757964
0.0808569
0.0829422
0.0824553
0.0829049
0.0834359
0.0827419
0.0826085
0.0827795
0.0826135
0.0821787
0.0820048
0.0814974
0.0813422
0.0806565
0.0805624
0.0799169
0.0795829
0.0791917
0.0786471
0.0783589
0.0781682
0.0774087
0.0769957
0.0767534
0.0762381
0.0758619
0.0753069
0.0748929
0.0745612
0.0740129
0.0735025
0.0732747
0.0727391
0.0722921
0.0717972
0.0714599
0.0709935
0.0705191
0.0700911
0.0696584
0.0692338
0.0687682
0.0683431
0.0679356
0.0675252
0.0670912
0.0666089
0.0662089
0.0657695
0.0653737
0.0649513
0.0647672
0.972292
2.27031
2.05265
2.62406
2.63767
2.66648
2.84411
2.90375
2.81888
2.81667
2.75959
2.69058
2.60048
2.51504
2.41417
2.32669
2.22543
2.12955
2.0341
1.9527
1.85896
1.78463
1.70442
1.62976
1.55757
1.48899
1.43004
1.3677
1.31502
1.2593
1.20334
1.15809
1.10888
1.06928
1.03179
0.989868
0.956429
0.919116
0.888075
0.861017
0.828167
0.798823
0.773742
0.746158
0.725086
0.698753
0.678142
0.657162
0.63561
0.618633
0.597759
0.58077
0.562883
0.548156
0.532186
0.5162
0.503539
0.488205
0.476389
0.461459
0.449875
0.437826
0.427163
0.415049
0.405105
0.393369
0.384646
0.374836
0.365609
0.356949
0.346981
0.3394
0.331184
0.323748
0.315701
0.307711
0.301094
0.293287
0.286452
0.281607
0.273794
0.267721
0.262054
0.256645
0.249888
0.245496
0.239573
0.234475
0.229124
0.223489
0.219221
0.214622
0.210416
0.205192
0.200799
0.196934
0.191991
0.188684
0.184963
0.180927
0.176822
0.173114
0.169985
0.166198
0.162283
0.159313
0.1559
0.152077
0.149322
0.146472
0.142654
0.140044
0.137035
0.13322
0.132115
0.127918
0.125705
0.121857
0.119344
0.116696
0.113737
0.110095
0.108167
0.103383
0.0997968
0.0918071
0.0979683
0.100501
0.0999222
0.100557
0.101105
0.100372
0.100175
0.100369
0.100322
0.099706
0.0995699
0.0989667
0.0987579
0.0979693
0.0977889
0.0971032
0.0966674
0.096217
0.0956344
0.0952642
0.0950388
0.0941551
0.0936302
0.0933688
0.0927055
0.0923026
0.0916863
0.0911302
0.0907124
0.090174
0.0895497
0.0891755
0.0885433
0.0880633
0.087519
0.0870809
0.0865047
0.0859316
0.0855586
0.0849579
0.0843808
0.083863
0.0834519
0.08287
0.0823809
0.0818409
0.0813356
0.0807994
0.0803599
0.0798164
0.0793187
0.0791407
0.80518
1.91231
1.82532
2.32634
2.25554
2.38493
2.7247
2.85768
2.78488
2.79908
2.75296
2.71416
2.67181
2.60599
2.52242
2.43821
2.36248
2.26536
2.16752
2.09285
2.00366
1.92804
1.84422
1.77201
1.70079
1.63354
1.57021
1.50948
1.45324
1.39165
1.33978
1.29238
1.23843
1.19513
1.15921
1.11207
1.07643
1.0377
1.00125
0.971116
0.938566
0.906178
0.877505
0.848254
0.824879
0.797187
0.774445
0.751943
0.728165
0.709575
0.686856
0.667841
0.646465
0.63007
0.613368
0.595733
0.581802
0.564442
0.549713
0.535196
0.521761
0.507161
0.495544
0.48137
0.471031
0.457918
0.447972
0.43719
0.425891
0.415115
0.404729
0.396269
0.387364
0.377921
0.369507
0.360215
0.352792
0.344062
0.335901
0.330071
0.321365
0.314307
0.307747
0.301799
0.294227
0.28907
0.282279
0.276536
0.270271
0.263797
0.25832
0.253595
0.248686
0.242541
0.237331
0.233147
0.227209
0.223355
0.218975
0.214216
0.209596
0.205208
0.201274
0.197175
0.192443
0.188887
0.185079
0.180653
0.177517
0.173974
0.16985
0.16644
0.163105
0.158419
0.157247
0.152363
0.149704
0.145213
0.142263
0.139185
0.13563
0.131325
0.12907
0.123454
0.119187
0.109728
0.117039
0.120146
0.119408
0.120137
0.120897
0.120122
0.119843
0.12017
0.12002
0.119379
0.119228
0.118562
0.118237
0.117295
0.117152
0.116449
0.115905
0.115329
0.114629
0.114206
0.114001
0.113024
0.112312
0.111991
0.111309
0.110765
0.109992
0.109416
0.108888
0.108304
0.107537
0.107114
0.106372
0.105818
0.105172
0.104727
0.103974
0.103298
0.102816
0.102173
0.101536
0.100959
0.100338
0.0997171
0.0991876
0.0985842
0.0979505
0.0973772
0.0967581
0.0961763
0.0955938
0.0953527
0.687889
1.45475
1.58217
2.00445
2.03352
2.17121
2.56716
2.76749
2.75464
2.77477
2.78192
2.74248
2.73604
2.67972
2.61758
2.54512
2.48291
2.37792
2.30017
2.2274
2.1412
2.07057
1.98562
1.90932
1.8525
1.77624
1.71096
1.64465
1.59252
1.53258
1.47489
1.4272
1.36805
1.32601
1.28472
1.23733
1.19929
1.15804
1.12195
1.08625
1.05255
1.01741
0.987323
0.955415
0.93051
0.900826
0.876207
0.851517
0.822711
0.802601
0.779725
0.757374
0.737496
0.717587
0.699603
0.681164
0.663039
0.644983
0.628935
0.613339
0.597981
0.580898
0.56741
0.553582
0.541081
0.527407
0.515304
0.502971
0.491355
0.479288
0.467042
0.456773
0.447685
0.436699
0.427125
0.417245
0.408796
0.398832
0.389284
0.38347
0.373589
0.365613
0.357719
0.35089
0.342339
0.335718
0.328724
0.32185
0.314884
0.307479
0.301297
0.29525
0.290281
0.283053
0.277618
0.272374
0.265803
0.261141
0.256216
0.250556
0.245187
0.240025
0.236
0.230978
0.225892
0.221643
0.217288
0.211974
0.208495
0.204522
0.199597
0.19566
0.191772
0.18644
0.184903
0.17935
0.176392
0.170956
0.167613
0.164218
0.159944
0.155006
0.152304
0.14577
0.140728
0.12972
0.138353
0.141918
0.141122
0.142086
0.143029
0.142138
0.141712
0.142067
0.141961
0.141186
0.141065
0.140377
0.140029
0.138871
0.138836
0.137882
0.137266
0.136632
0.135925
0.135437
0.13514
0.133942
0.133238
0.132802
0.132012
0.131404
0.130562
0.129923
0.129332
0.128594
0.127711
0.127222
0.126473
0.125674
0.125053
0.124422
0.123648
0.122791
0.122276
0.121491
0.120829
0.120075
0.119449
0.11874
0.118076
0.117355
0.116664
0.116096
0.115229
0.114591
0.113836
0.113502
0.463621
0.995764
1.37397
1.752
1.96842
2.0767
2.42864
2.68821
2.69502
2.74314
2.78204
2.77111
2.80197
2.73439
2.69176
2.63878
2.58835
2.49222
2.41817
2.35263
2.285
2.20138
2.11966
2.04958
1.98059
1.92019
1.84574
1.78228
1.73149
1.66822
1.61224
1.56212
1.4986
1.45796
1.40943
1.36565
1.32692
1.27995
1.24149
1.20821
1.16635
1.13245
1.09942
1.06529
1.03959
1.006
0.98013
0.954717
0.922468
0.904381
0.87692
0.853042
0.831433
0.809997
0.788063
0.770284
0.750374
0.728993
0.711425
0.69493
0.679465
0.661032
0.644941
0.62888
0.615138
0.600604
0.587029
0.573793
0.560599
0.547934
0.534163
0.522192
0.511977
0.500113
0.489064
0.478434
0.469216
0.457464
0.447552
0.441354
0.429578
0.420241
0.410968
0.403361
0.394212
0.387041
0.379216
0.371488
0.363085
0.354836
0.347794
0.341533
0.335527
0.327251
0.321088
0.315266
0.307224
0.302116
0.296711
0.290505
0.284156
0.278766
0.273985
0.268354
0.262425
0.257679
0.252324
0.246581
0.242343
0.237808
0.232172
0.227777
0.223479
0.21717
0.215545
0.209066
0.205656
0.199487
0.195598
0.191716
0.186825
0.181058
0.177919
0.170299
0.164551
0.15167
0.161834
0.166079
0.165248
0.16632
0.167458
0.166377
0.165915
0.166401
0.166338
0.165437
0.165322
0.164477
0.164196
0.162828
0.16277
0.161727
0.160876
0.160394
0.159589
0.158888
0.158703
0.157433
0.156444
0.15598
0.155122
0.15445
0.153494
0.152663
0.152158
0.151154
0.150235
0.149688
0.148805
0.14786
0.147124
0.14648
0.14554
0.144623
0.144034
0.143091
0.142321
0.141418
0.140717
0.139933
0.139187
0.138418
0.137587
0.136868
0.135912
0.135167
0.134287
0.133765
0.321967
0.894663
1.25869
1.59072
1.8781
1.91819
2.31959
2.57862
2.65941
2.68503
2.76097
2.80542
2.83609
2.78406
2.77249
2.72422
2.68073
2.59908
2.53214
2.47246
2.40633
2.3378
2.25061
2.18471
2.11131
2.05448
1.98321
1.91605
1.86276
1.80537
1.7441
1.69293
1.6328
1.58984
1.53957
1.4931
1.45295
1.40477
1.36475
1.32773
1.28616
1.24865
1.21635
1.18206
1.15142
1.11538
1.08951
1.0591
1.02733
1.00723
0.97861
0.954616
0.929031
0.905963
0.882401
0.861762
0.842657
0.818928
0.800637
0.78107
0.764017
0.743928
0.727966
0.708942
0.695555
0.678106
0.664455
0.648329
0.634346
0.620313
0.605615
0.593588
0.579662
0.567849
0.555314
0.54309
0.533645
0.520641
0.509074
0.50211
0.489374
0.479074
0.468575
0.460633
0.450547
0.441649
0.432858
0.424723
0.41547
0.40615
0.398024
0.391255
0.384249
0.37537
0.367938
0.361255
0.35264
0.347192
0.340829
0.333921
0.326451
0.320254
0.315373
0.308428
0.302012
0.296608
0.290787
0.284112
0.279406
0.274148
0.267795
0.262977
0.258153
0.250645
0.248747
0.241559
0.237681
0.23081
0.226031
0.221851
0.21626
0.209702
0.206049
0.197337
0.190768
0.176031
0.187744
0.192645
0.191695
0.192987
0.194359
0.193131
0.192558
0.19323
0.193153
0.1923
0.19219
0.191244
0.190924
0.189211
0.189304
0.188136
0.187248
0.186581
0.185563
0.184989
0.184644
0.183251
0.18231
0.181691
0.180765
0.180005
0.178864
0.178008
0.177342
0.176227
0.175321
0.17475
0.17364
0.172621
0.171748
0.170918
0.169845
0.168847
0.168185
0.167156
0.166371
0.165331
0.164498
0.163545
0.162637
0.161805
0.160897
0.160008
0.159053
0.158164
0.157174
0.156514
0.252164
0.708632
0.998586
1.30025
1.69635
1.85122
2.1989
2.4181
2.58786
2.67789
2.771
2.82911
2.86677
2.81369
2.81536
2.8031
2.77662
2.68814
2.64116
2.57992
2.52166
2.45251
2.36502
2.31319
2.24534
2.18633
2.11814
2.0535
1.99501
1.93679
1.88186
1.82191
1.76612
1.7214
1.66887
1.62137
1.57905
1.53546
1.48875
1.45047
1.40942
1.37095
1.33427
1.29687
1.26882
1.22899
1.20193
1.16958
1.13589
1.11341
1.08307
1.05949
1.02894
1.00759
0.979939
0.959807
0.937997
0.913393
0.891907
0.872107
0.852677
0.832264
0.814254
0.794281
0.779833
0.760619
0.744797
0.726281
0.711786
0.697779
0.679906
0.667038
0.653478
0.639899
0.626126
0.612963
0.60201
0.587986
0.575676
0.56707
0.553467
0.54222
0.531213
0.52142
0.510147
0.501114
0.490805
0.481701
0.471765
0.461245
0.45212
0.444496
0.436975
0.42691
0.418669
0.410944
0.40187
0.395218
0.388368
0.380429
0.372229
0.365301
0.359212
0.35267
0.344986
0.338597
0.332229
0.324974
0.319587
0.313645
0.306603
0.300918
0.295394
0.287528
0.2849
0.276857
0.272449
0.265027
0.259607
0.254602
0.248456
0.24104
0.236983
0.226876
0.219444
0.202607
0.216026
0.221742
0.220733
0.222238
0.223706
0.222529
0.222007
0.222662
0.222536
0.22171
0.221627
0.220601
0.220269
0.218487
0.218409
0.217143
0.216132
0.215538
0.214352
0.213647
0.213295
0.211884
0.210704
0.209993
0.20892
0.20789
0.206913
0.205872
0.205307
0.203963
0.20288
0.20214
0.201015
0.199881
0.198918
0.198047
0.196645
0.195756
0.194878
0.193817
0.192909
0.191667
0.190752
0.189741
0.188708
0.187799
0.186655
0.185692
0.184779
0.183625
0.182586
0.181829
0.208841
0.443693
0.879039
1.13769
1.60544
1.75093
2.09782
2.32541
2.52251
2.6842
2.76996
2.81981
2.87668
2.85543
2.8354
2.86889
2.84718
2.76992
2.74237
2.67981
2.62656
2.56882
2.4931
2.4229
2.372
2.3109
2.25244
2.1803
2.13205
2.06895
2.00947
1.95631
1.89576
1.84959
1.80105
1.74797
1.70448
1.65862
1.61528
1.57569
1.53315
1.49523
1.45356
1.41585
1.38443
1.34671
1.31776
1.28293
1.24911
1.22236
1.18877
1.16421
1.13347
1.10938
1.08285
1.05938
1.03737
1.01039
0.988883
0.967272
0.946561
0.925076
0.904165
0.88465
0.867473
0.845777
0.830679
0.810063
0.793556
0.777831
0.761075
0.745812
0.730647
0.716078
0.700611
0.686351
0.674723
0.658588
0.647235
0.636165
0.621056
0.609018
0.597707
0.586282
0.573445
0.563879
0.55338
0.542664
0.53208
0.520508
0.510016
0.501435
0.493481
0.482255
0.472947
0.464803
0.45504
0.446765
0.440366
0.431103
0.421862
0.413797
0.40744
0.399652
0.391261
0.384046
0.377076
0.368812
0.36293
0.356759
0.34824
0.342285
0.336157
0.327157
0.324354
0.315215
0.310315
0.302012
0.295902
0.290445
0.283266
0.274948
0.270568
0.258984
0.250685
0.231691
0.246994
0.253456
0.2524
0.254112
0.255891
0.25462
0.254007
0.254725
0.254773
0.253788
0.25391
0.252563
0.252337
0.250408
0.250396
0.248864
0.24786
0.247088
0.245961
0.245102
0.244895
0.24299
0.241886
0.241293
0.24001
0.238615
0.237821
0.236522
0.235721
0.234522
0.233178
0.232247
0.231246
0.229891
0.228728
0.227739
0.22637
0.225304
0.224367
0.223087
0.222098
0.22079
0.219738
0.218659
0.217533
0.216321
0.215244
0.214146
0.213056
0.211852
0.210678
0.210035
0.241314
0.0915093
0.731583
1.12497
1.46512
1.65384
1.98998
2.27808
2.5071
2.59233
2.76938
2.82789
2.89802
2.86458
2.8773
2.91831
2.90311
2.84186
2.82291
2.76658
2.72236
2.68381
2.60285
2.53859
2.49604
2.42279
2.37546
2.30389
2.25172
2.19625
2.13591
2.08395
2.01964
1.98555
1.92808
1.87505
1.8338
1.78462
1.73949
1.70057
1.65738
1.61758
1.57377
1.53464
1.50534
1.46895
1.43581
1.39821
1.36337
1.333
1.2992
1.27406
1.24128
1.21643
1.18911
1.16087
1.14035
1.11138
1.08888
1.06421
1.04286
1.02049
0.99898
0.976638
0.958441
0.935004
0.919205
0.897504
0.879898
0.863933
0.844111
0.829411
0.81168
0.796833
0.780069
0.764023
0.752027
0.733459
0.721539
0.709154
0.693179
0.681055
0.666865
0.655724
0.640877
0.63188
0.619282
0.607188
0.595748
0.582891
0.572187
0.562275
0.553135
0.541463
0.531567
0.522015
0.510974
0.502268
0.495534
0.485785
0.474875
0.465976
0.459088
0.450351
0.441078
0.433119
0.425295
0.416363
0.409762
0.402737
0.393814
0.386722
0.380241
0.36988
0.366807
0.356954
0.351172
0.341919
0.335307
0.329109
0.321168
0.312012
0.306901
0.293999
0.284563
0.263246
0.280517
0.287933
0.28687
0.2889
0.291093
0.289275
0.288873
0.289642
0.289793
0.288789
0.288878
0.287526
0.28738
0.285326
0.285168
0.283662
0.28258
0.281801
0.280345
0.279466
0.279376
0.277014
0.276028
0.275321
0.273874
0.272718
0.271467
0.270041
0.269384
0.267769
0.266507
0.265301
0.264152
0.262855
0.261616
0.260577
0.259159
0.257542
0.256558
0.255443
0.253969
0.252737
0.251516
0.250484
0.249015
0.247909
0.246411
0.245418
0.244226
0.242797
0.241502
0.240883
0.20855
-0.00814633
0.622046
1.13226
1.41116
1.56167
1.85118
2.22259
2.44586
2.55816
2.69364
2.8342
2.90891
2.88705
2.90861
2.94759
2.9625
2.90921
2.89386
2.84038
2.80749
2.78744
2.70265
2.64859
2.60647
2.53222
2.48587
2.41347
2.37084
2.31552
2.26314
2.2132
2.14944
2.10954
2.05632
2.00361
1.96323
1.90801
1.85846
1.82415
1.78028
1.74202
1.69629
1.65715
1.62536
1.5921
1.55198
1.5117
1.4814
1.45025
1.41119
1.38648
1.34849
1.32597
1.29618
1.26518
1.24483
1.21535
1.18951
1.16524
1.14417
1.11818
1.09718
1.07305
1.05362
1.0296
1.01237
0.988976
0.970733
0.952488
0.931707
0.915053
0.897611
0.881304
0.862744
0.845746
0.832187
0.812326
0.798677
0.786182
0.769586
0.75573
0.739612
0.729318
0.713081
0.702292
0.690156
0.674926
0.66283
0.649293
0.638198
0.627653
0.617339
0.604488
0.592623
0.582608
0.570851
0.562189
0.553625
0.543097
0.530856
0.521754
0.51361
0.504767
0.494144
0.486115
0.477039
0.467171
0.459937
0.452005
0.442217
0.434797
0.427253
0.415842
0.412539
0.401339
0.39534
0.384767
0.377431
0.370584
0.361985
0.351638
0.346121
0.331897
0.321366
0.297293
0.316767
0.325297
0.323901
0.326536
0.329066
0.327061
0.326789
0.3278
0.327867
0.326647
0.326956
0.325683
0.325175
0.322998
0.322828
0.321154
0.320089
0.319275
0.3179
0.316937
0.316731
0.314108
0.313285
0.312418
0.310718
0.309505
0.308197
0.306643
0.305739
0.304148
0.302796
0.30148
0.300206
0.298925
0.297387
0.296368
0.294563
0.293104
0.292137
0.290612
0.289102
0.287869
0.286414
0.285289
0.283622
0.282428
0.2808
0.279502
0.278204
0.276536
0.275631
0.274781
0.179687
0.01333
0.454595
1.11614
1.25057
1.50559
1.79489
2.13503
2.37229
2.53408
2.65372
2.82429
2.8407
2.88429
2.93795
2.96438
3.00072
2.9518
2.95875
2.90678
2.88579
2.86997
2.7971
2.74275
2.70849
2.63961
2.59105
2.53357
2.48399
2.43707
2.37829
2.3276
2.26635
2.2277
2.1818
2.12241
2.08725
2.03306
1.98115
1.95035
1.90244
1.86663
1.81808
1.77982
1.74734
1.70734
1.671
1.62847
1.59818
1.56674
1.52431
1.49703
1.46237
1.43821
1.40831
1.3757
1.35107
1.32164
1.29461
1.268
1.2474
1.21914
1.19718
1.17196
1.15236
1.12547
1.10686
1.08068
1.06518
1.04455
1.02297
1.00253
0.984865
0.969121
0.948738
0.930951
0.915988
0.896239
0.880462
0.86708
0.849196
0.833864
0.817011
0.804944
0.78818
0.776779
0.762345
0.747236
0.734685
0.719124
0.708217
0.696552
0.684584
0.670294
0.658653
0.64766
0.634921
0.624871
0.615589
0.60334
0.590133
0.581256
0.57158
0.56261
0.549845
0.542099
0.53213
0.521298
0.5134
0.504538
0.493978
0.485478
0.477428
0.465025
0.462032
0.4491
0.442457
0.430902
0.423146
0.415285
0.405878
0.394376
0.388329
0.372317
0.361023
0.334167
0.355812
0.365483
0.364146
0.367182
0.369937
0.367837
0.367325
0.368961
0.369046
0.367808
0.368054
0.366566
0.366027
0.363877
0.363993
0.361995
0.360728
0.359749
0.358505
0.357601
0.357098
0.354293
0.353498
0.352745
0.350659
0.349421
0.347994
0.346416
0.345541
0.343678
0.342337
0.340984
0.339192
0.338054
0.336185
0.335153
0.333353
0.331882
0.330603
0.328946
0.327294
0.325757
0.32429
0.323056
0.321416
0.319885
0.318303
0.316874
0.315307
0.313629
0.312457
0.31143
0.374552
-0.028016
0.331296
0.943392
1.12745
1.43235
1.76503
2.04017
2.27466
2.49774
2.58727
2.78219
2.85108
2.87987
2.94681
2.96541
3.03411
3.00116
3.00562
2.97686
2.93411
2.9502
2.87677
2.83118
2.8045
2.73238
2.68816
2.6415
2.58594
2.54674
2.49354
2.44393
2.38929
2.34224
2.29582
2.25197
2.20538
2.15225
2.10474
2.07305
2.0259
1.9806
1.93806
1.90566
1.86639
1.82823
1.7886
1.75041
1.71077
1.68155
1.64188
1.61069
1.57709
1.55281
1.52121
1.48964
1.46107
1.42809
1.40071
1.37394
1.35358
1.32343
1.30043
1.27104
1.25362
1.22647
1.2062
1.17588
1.16008
1.14048
1.11762
1.0967
1.07486
1.05894
1.03813
1.01963
1.0031
0.983235
0.964949
0.951498
0.931843
0.914853
0.898553
0.883431
0.866414
0.855219
0.839936
0.822635
0.808689
0.792005
0.7804
0.768545
0.756284
0.739203
0.727804
0.715535
0.70152
0.690716
0.681051
0.66767
0.653988
0.64402
0.633957
0.623642
0.610123
0.601521
0.590809
0.578916
0.570584
0.560826
0.549665
0.539465
0.530778
0.517637
0.514451
0.500239
0.492624
0.480375
0.471582
0.462991
0.452701
0.439928
0.433479
0.41617
0.403334
0.373556
0.397932
0.408654
0.407173
0.410411
0.413635
0.411601
0.411321
0.41294
0.413167
0.411771
0.412088
0.410744
0.410501
0.407826
0.407871
0.405685
0.404902
0.40361
0.402132
0.401097
0.400906
0.397951
0.39696
0.396126
0.393846
0.39273
0.390946
0.389273
0.388513
0.386501
0.385135
0.383301
0.381633
0.380033
0.378451
0.37725
0.375361
0.373373
0.372243
0.370287
0.368687
0.367126
0.365599
0.36414
0.362451
0.360681
0.359178
0.357409
0.355672
0.353887
0.352549
0.351863
0.247092
-0.00348967
0.400116
0.837738
1.12296
1.36557
1.68906
1.93911
2.23827
2.39797
2.56292
2.72455
2.8036
2.85965
2.94928
2.98952
3.01872
3.03874
3.0508
3.00502
2.99036
2.98302
2.94652
2.9108
2.88571
2.82459
2.79062
2.73744
2.68654
2.6573
2.59863
2.54837
2.49872
2.45385
2.41588
2.36251
2.3185
2.26906
2.22371
2.18896
2.14005
2.10028
2.06297
2.02428
1.98739
1.94838
1.90946
1.87132
1.82703
1.79834
1.75792
1.73072
1.69205
1.66269
1.63579
1.60052
1.57196
1.53748
1.51038
1.48052
1.45853
1.42826
1.4048
1.37602
1.35807
1.327
1.30782
1.27632
1.25694
1.23792
1.21154
1.19303
1.17013
1.15135
1.13032
1.11095
1.0946
1.07164
1.05347
1.03887
1.01844
0.99988
0.9828
0.965952
0.949662
0.936686
0.918659
0.90337
0.886257
0.870265
0.856935
0.843178
0.830239
0.812479
0.799499
0.787144
0.77129
0.759853
0.748678
0.735608
0.720897
0.710797
0.698822
0.687868
0.673386
0.663876
0.652381
0.639305
0.630189
0.620601
0.607479
0.59739
0.587639
0.573174
0.569856
0.554203
0.546452
0.532975
0.52306
0.513695
0.502291
0.488975
0.481302
0.462699
0.448342
0.415708
0.443104
0.454774
0.453407
0.45709
0.460467
0.458545
0.458238
0.460319
0.460535
0.458897
0.459284
0.457884
0.457814
0.454914
0.455282
0.452866
0.451848
0.450608
0.448887
0.447827
0.447775
0.444586
0.44348
0.44267
0.440305
0.439211
0.437238
0.435357
0.434762
0.432684
0.431051
0.429306
0.427393
0.425644
0.42384
0.422563
0.420505
0.418466
0.417134
0.415251
0.413777
0.411604
0.410194
0.408352
0.406752
0.404757
0.403125
0.401226
0.399458
0.397578
0.39615
0.394539
0.254333
0.00666503
0.33452
0.791721
1.03989
1.40371
1.60444
1.86955
2.12555
2.35369
2.53641
2.61575
2.77272
2.85382
2.93045
2.99026
3.03783
3.04722
3.0632
3.07405
3.03157
3.03073
3.01022
2.97603
2.94653
2.91113
2.87022
2.83042
2.78168
2.73959
2.70161
2.65247
2.60293
2.56384
2.51787
2.47732
2.43232
2.3816
2.34054
2.30922
2.25723
2.21151
2.17754
2.13871
2.10792
2.06133
2.02394
1.98337
1.94515
1.91547
1.8759
1.84281
1.8053
1.77341
1.74671
1.70878
1.68283
1.64924
1.62367
1.58837
1.56724
1.53401
1.51154
1.48007
1.46387
1.43185
1.41024
1.37969
1.35761
1.33899
1.31062
1.28869
1.26773
1.2452
1.22475
1.20429
1.1871
1.16535
1.14406
1.12966
1.10633
1.08829
1.06976
1.05401
1.03325
1.02037
1.00119
0.985407
0.967632
0.949836
0.935947
0.921877
0.906989
0.889794
0.875326
0.860814
0.845347
0.832378
0.821855
0.806016
0.790799
0.779597
0.767411
0.755002
0.740273
0.729762
0.717606
0.703193
0.693485
0.682644
0.668656
0.657529
0.646619
0.632363
0.628536
0.61136
0.603309
0.58767
0.577531
0.567881
0.554744
0.539937
0.532539
0.511541
0.496371
0.460599
0.490694
0.503683
0.502651
0.506442
0.510639
0.508713
0.507964
0.510706
0.511067
0.509204
0.509212
0.508445
0.507934
0.50534
0.505815
0.503149
0.501689
0.501277
0.499236
0.49786
0.49818
0.494981
0.493329
0.492687
0.490505
0.488744
0.48659
0.48453
0.484121
0.482009
0.480217
0.478676
0.476691
0.474521
0.472898
0.471147
0.469269
0.467166
0.465493
0.463455
0.461706
0.459582
0.458363
0.456365
0.454397
0.452101
0.450585
0.448334
0.446606
0.44453
0.443085
0.441027
0.176346
-0.195299
0.28561
0.775165
0.901363
1.30115
1.52318
1.70741
1.99603
2.27925
2.46429
2.54977
2.72716
2.81532
2.90267
2.97611
3.02488
3.07357
3.07997
3.07689
3.06736
3.06897
3.04702
3.03608
3.01769
2.96366
2.94365
2.91648
2.86733
2.82308
2.78083
2.75386
2.69842
2.66115
2.61226
2.58235
2.53488
2.48991
2.45018
2.42402
2.36787
2.32388
2.28843
2.25292
2.21594
2.1701
2.13808
2.09784
2.06104
2.02856
1.98709
1.95297
1.91718
1.8885
1.86371
1.81689
1.79877
1.75891
1.73534
1.69841
1.67592
1.64182
1.6197
1.5858
1.57008
1.53581
1.51047
1.48405
1.46157
1.4409
1.41066
1.38764
1.36526
1.34424
1.31819
1.30193
1.28272
1.25663
1.23687
1.22135
1.19892
1.17721
1.15641
1.14412
1.12097
1.10617
1.0885
1.0691
1.05296
1.03172
1.01787
1.00278
0.987891
0.969059
0.953659
0.939821
0.922384
0.908141
0.896431
0.880122
0.863008
0.852098
0.838651
0.82443
0.810275
0.798157
0.785193
0.76965
0.760407
0.748214
0.733631
0.721089
0.709586
0.694113
0.689237
0.671545
0.663286
0.645788
0.634751
0.62389
0.610275
0.594629
0.586451
0.563511
0.546873
0.508026
0.541032
0.555666
0.554651
0.558849
0.563129
0.561243
0.560838
0.563828
0.564657
0.562817
0.56311
0.562169
0.561602
0.558293
0.558974
0.556962
0.555336
0.554839
0.553055
0.551134
0.551601
0.548694
0.546662
0.545937
0.543302
0.542178
0.539715
0.53783
0.536532
0.534868
0.532592
0.531329
0.529192
0.526449
0.525444
0.523196
0.521216
0.518981
0.517219
0.515091
0.51334
0.511193
0.509879
0.50745
0.505438
0.503415
0.501475
0.4991
0.497333
0.495048
0.493568
0.491607
